,都道府県,市区町村名,人口,議長報酬,副議長報酬,議員報酬,市制ダミー
0,北海道,当別町,16205,310000,260000,240000,0
1,北海道,新篠津村,3134,260000,225000,190000,0
2,北海道,松前町,7348,270000,210000,180000,0
3,北海道,福島町,4166,278000,222000,187000,0
4,北海道,知内町,4420,255000,200000,170000,0
5,北海道,木古内町,4224,255000,200000,170000,0
6,北海道,七飯町,28388,330000,260000,230000,0
7,北海道,鹿部町,3979,239000,185000,158000,0
8,北海道,森町,15696,295000,225000,195000,0
9,北海道,八雲町,16737,295000,230000,195000,0
10,北海道,長万部町,5549,250000,205000,175000,0
11,北海道,江差町,7797,233000,195000,176000,0
12,北海道,上ノ国町,4895,238000,195000,171000,0
13,北海道,厚沢部町,3904,228000,194000,171000,0
14,北海道,乙部町,3754,232000,193000,170000,0
15,北海道,奥尻町,2690,225000,180000,162000,0
16,北海道,今金町,5399,239000,200000,170000,0
17,北海道,せたな町,8057,235000,190000,165000,0
18,北海道,島牧村,1490,245000,194000,165000,0
19,北海道,寿都町,3005,260000,200000,170000,0
20,北海道,黒松内町,2859,246000,194000,164000,0
21,北海道,蘭越町,4718,247000,195000,162000,0
22,北海道,ニセコ町,5024,258000,205000,170000,0
23,北海道,真狩村,2082,250000,200000,170000,0
24,北海道,留寿都村,1941,240000,191000,160000,0
25,北海道,喜茂別町,2254,250000,200000,170000,0
26,北海道,京極町,3036,243000,192000,165000,0
27,北海道,倶知安町,15327,268000,218000,179000,0
28,北海道,共和町,5980,267000,210000,177000,0
29,北海道,岩内町,12712,282000,226000,185000,0
30,北海道,泊村,1661,263000,209000,170000,0
31,北海道,神恵内村,883,225000,180000,160000,0
32,北海道,積丹町,2074,260000,200000,170000,0
33,北海道,古平町,3138,240000,193000,162000,0
34,北海道,仁木町,3480,239000,193000,160000,0
35,北海道,余市町,19049,290000,235000,200000,0
36,北海道,赤井川村,1151,290000,219000,188000,0
37,北海道,南幌町,7607,295000,236000,195000,0
38,北海道,奈井江町,5458,262000,208000,174000,0
39,北海道,上砂川町,3056,279000,221000,185000,0
40,北海道,由仁町,5219,266000,210000,176000,0
41,北海道,長沼町,10947,298000,237000,193000,0
42,北海道,栗山町,11927,300000,239000,196000,0
43,北海道,月形町,3251,268000,214000,168000,0
44,北海道,浦臼町,1861,248000,197000,165000,0
45,北海道,新十津川町,6645,279000,221000,189000,0
46,北海道,妹背牛町,2981,268000,212000,177000,0
47,北海道,秩父別町,2416,268000,212000,177000,0
48,北海道,雨竜町,2454,263000,209000,175000,0
49,北海道,北竜町,1889,268000,212000,177000,0
50,北海道,沼田町,3135,268000,212000,177000,0
51,北海道,鷹栖町,6941,250000,190000,165000,0
52,北海道,東神楽町,10327,249000,195000,168000,0
53,北海道,当麻町,6525,250000,195000,170000,0
54,北海道,比布町,3773,245000,184000,163000,0
55,北海道,愛別町,2859,232000,179000,158000,0
56,北海道,上川町,3640,249300,208600,179800,0
57,北海道,東川町,8344,261000,208000,176000,0
58,北海道,美瑛町,10097,300000,240000,200000,0
59,北海道,上富良野町,10851,275000,209000,179000,0
60,北海道,中富良野町,5054,255000,197000,170000,0
61,北海道,南富良野町,2536,240000,191000,161000,0
62,北海道,占冠村,1378,225000,170000,140000,0
63,北海道,和寒町,3421,246000,195000,170000,0
64,北海道,剣淵町,3140,245000,190000,165000,0
65,北海道,下川町,3347,260000,208000,175000,0
66,北海道,美深町,4396,250000,200000,175000,0
67,北海道,音威子府村,770,191000,142000,123000,0
68,北海道,中川町,1539,225000,167000,140000,0
69,北海道,幌加内町,1526,254000,201000,168000,0
70,北海道,増毛町,4369,243000,198000,176000,0
71,北海道,小平町,3181,208000,176000,152000,0
72,北海道,苫前町,3134,260000,220000,190000,0
73,北海道,羽幌町,7050,247500,202500,180000,0
74,北海道,初山別村,1182,220000,180000,160000,0
75,北海道,遠別町,2692,225000,190000,168000,0
76,北海道,天塩町,3103,260000,220000,190000,0
77,北海道,猿払村,2765,245000,205000,185000,0
78,北海道,浜頓別町,3697,210000,185000,165000,0
79,北海道,中頓別町,1749,210000,190000,176000,0
80,北海道,枝幸町,8257,285000,225000,205000,0
81,北海道,豊富町,3957,220000,180000,160000,0
82,北海道,礼文町,2571,230000,185000,165000,0
83,北海道,利尻町,2068,235000,190000,170000,0
84,北海道,利尻富士町,2543,230000,185000,165000,0
85,北海道,幌延町,2364,230000,190000,170000,0
86,北海道,美幌町,19665,320000,260000,237000,0
87,北海道,津別町,4751,278000,222000,183000,0
88,北海道,斜里町,11680,291000,234000,190000,0
89,北海道,清里町,4113,280000,230000,190000,0
90,北海道,小清水町,4924,280000,230000,190000,0
91,北海道,訓子府町,5037,279000,219000,185000,0
92,北海道,置戸町,2933,264000,207000,176000,0
93,北海道,佐呂間町,5247,275000,225000,185000,0
94,北海道,遠軽町,20069,295000,235000,201000,0
95,北海道,湧別町,8975,261000,211500,175500,0
96,北海道,滝上町,2636,250000,200000,168000,0
97,北海道,興部町,3853,270000,220000,185000,0
98,北海道,西興部村,1112,260000,209000,175000,0
99,北海道,雄武町,4519,280000,220000,180000,0
100,北海道,大空町,7269,282000,232000,190000,0
101,北海道,豊浦町,4002,277000,216000,182000,0
102,北海道,壮瞥町,2534,257000,204000,170000,0
103,北海道,白老町,17073,298760,238620,202860,0
104,北海道,厚真町,4661,281000,223000,180000,0
105,北海道,洞爺湖町,8913,284000,233000,185000,0
106,北海道,安平町,8131,280000,230000,200000,0
107,北海道,むかわ町,8317,283000,224000,190000,0
108,北海道,日高町,12227,252000,207000,189000,0
109,北海道,平取町,5133,255000,215000,192000,0
110,北海道,新冠町,5592,280000,230000,205000,0
111,北海道,浦河町,12482,255000,203000,175000,0
112,北海道,様似町,4367,280000,220000,200000,0
113,北海道,えりも町,4746,250000,200000,180000,0
114,北海道,新ひだか町,22808,300000,230000,200000,0
115,北海道,音更町,44774,351000,275000,235000,0
116,北海道,士幌町,6182,310000,245000,195000,0
117,北海道,上士幌町,4995,261000,210000,165000,0
118,北海道,鹿追町,5446,290000,227000,183000,0
119,北海道,新得町,6133,296000,233000,188000,0
120,北海道,清水町,9488,275000,219000,183000,0
121,北海道,芽室町,18681,306000,244000,204000,0
122,北海道,中札内村,3921,254000,201000,161000,0
123,北海道,更別村,3204,258000,203000,162000,0
124,北海道,大樹町,5642,270000,215000,175000,0
125,北海道,広尾町,6928,294000,235000,185000,0
126,北海道,幕別町,26927,323000,258000,212000,0
127,北海道,池田町,6811,296000,234000,185000,0
128,北海道,豊頃町,3195,281000,225000,185000,0
129,北海道,本別町,7136,292000,230000,185000,0
130,北海道,足寄町,6974,300000,235000,188000,0
131,北海道,陸別町,2397,286000,217000,175000,0
132,北海道,浦幌町,4794,280000,220000,175000,0
133,北海道,釧路町,19816,311000,249000,196000,0
134,北海道,厚岸町,9444,307000,245000,193000,0
135,北海道,浜中町,5907,295000,236000,186000,0
136,北海道,標茶町,7675,300000,240000,190000,0
137,北海道,弟子屈町,7307,292000,234000,184000,0
138,北海道,鶴居村,2521,307000,246000,193000,0
139,北海道,白糠町,7961,295000,237000,186000,0
140,北海道,別海町,15219,306000,246000,222000,0
141,北海道,中標津町,23502,306000,245000,200000,0
142,北海道,標津町,5386,295800,237400,187000,0
143,北海道,羅臼町,5106,222000,178000,148000,0
144,青森県,平内町,11183,294000,246000,231000,0
145,青森県,今別町,2700,263000,225000,215000,0
146,青森県,蓬田村,2839,253800,212400,202500,0
147,青森県,外ヶ浜町,6167,263000,225000,215000,0
148,青森県,鰺ヶ沢町,10115,245000,210000,200000,0
149,青森県,深浦町,8329,266000,229000,218000,0
150,青森県,西目屋村,1336,245000,217000,208000,0
151,青森県,藤崎町,15114,256000,225000,215000,0
152,青森県,大鰐町,9688,230000,206000,200000,0
153,青森県,田舎館村,7910,253000,223000,213000,0
154,青森県,板柳町,13856,286000,247000,235000,0
155,青森県,鶴田町,13074,289000,250000,238000,0
156,青森県,中泊町,11241,268000,230000,220000,0
157,青森県,野辺地町,13426,240000,206000,199000,0
158,青森県,七戸町,15908,287000,233000,225000,0
159,青森県,六戸町,10974,287000,233000,225000,0
160,青森県,横浜町,4579,250000,203000,196000,0
161,青森県,東北町,17821,287000,233000,225000,0
162,青森県,六ヶ所村,10470,291000,259000,252000,0
163,青森県,おいらせ町,25163,287000,233000,225000,0
164,青森県,大間町,5398,261000,210000,200000,0
165,青森県,東通村,6541,270000,240000,230000,0
166,青森県,風間浦村,1942,229900,194800,182400,0
167,青森県,佐井村,2067,242100,201600,192600,0
168,青森県,三戸町,10184,284000,241000,226000,0
169,青森県,五戸町,17452,284000,241000,226000,0
170,青森県,田子町,5590,283000,240000,225000,0
171,青森県,南部町,18416,283000,240000,225000,0
172,青森県,階上町,13648,284000,241000,226000,0
173,青森県,新郷村,2533,283000,240000,225000,0
174,岩手県,雫石町,16805,306000,248000,238000,0
175,岩手県,葛巻町,6266,279000,227000,211000,0
176,岩手県,岩手町,13556,316000,250000,239000,0
177,岩手県,紫波町,33173,338000,275000,248000,0
178,岩手県,矢巾町,27249,323000,258000,240000,0
179,岩手県,西和賀町,5745,257000,208000,191000,0
180,岩手県,金ケ崎町,15671,283000,229000,212000,0
181,岩手県,平泉町,7689,271000,218000,203000,0
182,岩手県,住田町,5564,258000,207000,196000,0
183,岩手県,大槌町,11945,249000,205000,192000,0
184,岩手県,山田町,15761,280000,231000,216000,0
185,岩手県,岩泉町,9518,279000,226000,210000,0
186,岩手県,田野畑村,3479,235000,189000,170100,0
187,岩手県,普代村,2748,236000,189000,170000,0
188,岩手県,軽米町,9275,262000,219000,195000,0
189,岩手県,野田村,4268,246000,194000,175000,0
190,岩手県,九戸村,5843,230000,182000,165000,0
191,岩手県,洋野町,16940,273000,229000,211000,0
192,岩手県,一戸町,12668,320000,255000,240000,0
193,宮城県,蔵王町,12207,305000,257000,247000,0
194,宮城県,七ヶ宿町,1383,260000,219000,212000,0
195,宮城県,大河原町,23597,313000,263000,252000,0
196,宮城県,村田町,11195,305000,257000,247000,0
197,宮城県,柴田町,38000,387000,329000,313000,0
198,宮城県,川崎町,8849,305000,257000,247000,0
199,宮城県,丸森町,13762,321000,269000,258000,0
200,宮城県,亘理町,33659,323000,268000,256000,0
201,宮城県,山元町,12339,311000,261000,251000,0
202,宮城県,松島町,14217,321000,275000,254000,0
203,宮城県,七ヶ浜町,18909,302000,249000,235000,0
204,宮城県,利府町,36155,298000,243000,229000,0
205,宮城県,大和町,28543,309000,255000,240000,0
206,宮城県,大郷町,8173,294000,241000,226000,0
207,宮城県,大衡村,5861,267000,217000,204000,0
208,宮城県,色麻町,6919,323000,245000,229000,0
209,宮城県,加美町,23602,331000,266000,246000,0
210,宮城県,涌谷町,16418,325000,254000,237000,0
211,宮城県,美里町,24658,325000,247000,230000,0
212,宮城県,女川町,6550,339000,289000,274000,0
213,宮城県,南三陸町,13081,300000,248000,230000,0
214,秋田県,小坂町,5185,253000,229000,222000,0
215,秋田県,上小阿仁村,2345,252000,225000,214000,0
216,秋田県,藤里町,3315,279000,242000,233000,0
217,秋田県,三種町,16879,288000,255000,241000,0
218,秋田県,八峰町,7253,276000,242000,233000,0
219,秋田県,五城目町,9399,280000,245000,235000,0
220,秋田県,八郎潟町,5946,210000,194000,186000,0
221,秋田県,井川町,4811,252000,225000,212000,0
222,秋田県,大潟村,3197,255000,212000,199000,0
223,秋田県,美郷町,19818,288000,264000,255000,0
224,秋田県,羽後町,15079,288000,267000,253000,0
225,秋田県,東成瀬村,2587,255000,221000,211000,0
226,山形県,山辺町,14468,310000,255000,240000,0
227,山形県,中山町,11325,310000,255000,240000,0
228,山形県,河北町,18800,330000,275000,260000,0
229,山形県,西川町,5446,310000,250000,235000,0
230,山形県,朝日町,6942,310000,250000,235000,0
231,山形県,大江町,8284,320000,270000,255000,0
232,山形県,大石田町,7326,310000,255000,240000,0
233,山形県,金山町,5588,310000,250000,230000,0
234,山形県,最上町,8696,316000,253000,233000,0
235,山形県,舟形町,5443,310000,250000,230000,0
236,山形県,真室川町,7889,316000,253000,233000,0
237,山形県,大蔵村,3285,310000,250000,230000,0
238,山形県,鮭川村,4267,310000,250000,230000,0
239,山形県,戸沢村,4635,310000,250000,230000,0
240,山形県,高畠町,23560,370000,310000,290000,0
241,山形県,川西町,15321,330000,270000,255000,0
242,山形県,小国町,7669,310000,250000,235000,0
243,山形県,白鷹町,13878,310000,250000,235000,0
244,山形県,飯豊町,7217,310000,250000,230000,0
245,山形県,三川町,7427,300000,245000,220000,0
246,山形県,庄内町,21498,292000,239000,215000,0
247,山形県,遊佐町,14032,293000,238000,215000,0
248,福島県,桑折町,11996,338000,254000,228000,0
249,福島県,国見町,9272,338000,254000,228000,0
250,福島県,川俣町,13479,338000,254000,228000,0
251,福島県,大玉村,8722,303000,227000,205000,0
252,福島県,鏡石町,12369,296100,243900,225900,0
253,福島県,天栄村,5702,290000,245000,235000,0
254,福島県,下郷町,5759,302000,233000,211000,0
255,福島県,檜枝岐村,566,291000,225000,203000,0
256,福島県,只見町,4406,270900,209700,189900,0
257,福島県,南会津町,15815,314000,243000,220000,0
258,福島県,北塩原村,2811,261000,211000,190000,0
259,福島県,西会津町,6455,300000,247500,225000,0
260,福島県,磐梯町,3506,298000,258000,221000,0
261,福島県,猪苗代町,14474,313000,258000,235000,0
262,福島県,会津坂下町,15720,299000,242000,221000,0
263,福島県,湯川村,3265,242000,200000,180000,0
264,福島県,柳津町,3450,266000,215000,193000,0
265,福島県,三島町,1662,225000,184000,166000,0
266,福島県,金山町,2110,253000,204000,183000,0
267,福島県,昭和村,1278,224000,183000,165000,0
268,福島県,会津美里町,20643,299000,242000,221000,0
269,福島県,西郷村,20087,330000,264000,240000,0
270,福島県,泉崎村,6511,295000,236000,213000,0
271,福島県,中島村,5128,311000,249000,225000,0
272,福島県,矢吹町,17053,330000,264000,240000,0
273,福島県,棚倉町,14241,323000,246000,225000,0
274,福島県,矢祭町,5854,82500,82500,82500,0
275,福島県,塙町,8877,272000,206000,188000,0
276,福島県,鮫川村,3453,234000,176000,161000,0
277,福島県,石川町,15481,320000,252000,235000,0
278,福島県,玉川村,6789,304000,239000,223000,0
279,福島県,平田村,6190,304000,239000,223000,0
280,福島県,浅川町,6511,288800,227100,211900,0
281,福島県,古殿町,5372,304000,239000,223000,0
282,福島県,三春町,17269,310000,246000,224000,0
283,福島県,小野町,10325,307000,245000,225000,0
284,福島県,広野町,4805,276000,240000,222000,0
285,福島県,楢葉町,7007,296000,254000,238000,0
286,福島県,富岡町,13170,308000,259000,238000,0
287,福島県,川内村,2683,270000,232000,218000,0
288,福島県,大熊町,10440,291000,249000,234000,0
289,福島県,双葉町,6030,289000,248000,232000,0
290,福島県,浪江町,17792,302000,256000,235000,0
291,福島県,葛尾村,1428,264000,213000,192000,0
292,福島県,新地町,8022,300000,254000,237000,0
293,福島県,飯舘村,5754,300000,251000,235000,0
294,茨城県,茨城町,32988,354000,318000,310000,0
295,茨城県,大洗町,17033,343000,300000,275000,0
296,茨城県,城里町,19823,335000,293000,268000,0
297,茨城県,東海村,38405,430000,388000,367000,0
298,茨城県,大子町,17463,300000,270000,250000,0
299,茨城県,美浦村,15541,326000,296000,286000,0
300,茨城県,阿見町,47464,369000,330000,313000,0
301,茨城県,河内町,9040,300000,270000,260000,0
302,茨城県,八千代町,22467,356000,312000,295000,0
303,茨城県,五霞町,8658,355000,316000,301000,0
304,茨城県,境町,25307,367000,335000,318000,0
305,茨城県,利根町,16409,300000,260000,250000,0
306,栃木県,上三川町,31260,350000,280000,255000,0
307,栃木県,益子町,23282,350000,290000,255000,0
308,栃木県,茂木町,13445,340000,280000,250000,0
309,栃木県,市貝町,11827,340000,280000,250000,0
310,栃木県,芳賀町,15712,340000,280000,250000,0
311,栃木県,壬生町,39553,400000,335000,300000,0
312,栃木県,野木町,25710,350000,280000,260000,0
313,栃木県,塩谷町,11395,340000,260000,233000,0
314,栃木県,高根沢町,29719,345000,270000,240000,0
315,栃木県,那須町,25397,355000,275000,250000,0
316,栃木県,那珂川町,16600,320000,250000,220000,0
317,群馬県,榛東村,14683,305000,235000,210000,0
318,群馬県,吉岡町,21277,278000,212000,190000,0
319,群馬県,上野村,1198,201600,161000,146300,0
320,群馬県,神流町,1888,240000,178000,157000,0
321,群馬県,下仁田町,7482,275000,213000,199000,0
322,群馬県,南牧村,1907,243000,189000,180000,0
323,群馬県,甘楽町,13177,290000,225000,210000,0
324,群馬県,中之条町,16283,315000,255000,235000,0
325,群馬県,長野原町,5658,220000,180000,160000,0
326,群馬県,嬬恋村,9890,285000,230000,210000,0
327,群馬県,草津町,6486,300000,245000,225000,0
328,群馬県,高山村,3655,248000,180000,161000,0
329,群馬県,東吾妻町,13984,287000,230000,213000,0
330,群馬県,片品村,4496,247000,198000,180000,0
331,群馬県,川場村,3314,230000,170000,150000,0
332,群馬県,昭和村,7488,248000,199000,177000,0
333,群馬県,みなかみ町,19198,378000,297000,270000,0
334,群馬県,玉村町,36429,324000,266000,242000,0
335,群馬県,板倉町,14708,323000,245000,222000,0
336,群馬県,明和町,11325,318000,243000,220000,0
337,群馬県,千代田町,11454,318000,243000,220000,0
338,群馬県,大泉町,41818,413000,343000,303000,0
339,群馬県,邑楽町,26721,328000,250000,227000,0
340,埼玉県,伊奈町,44726,322000,257000,229000,0
341,埼玉県,三芳町,38366,326000,272000,252000,0
342,埼玉県,毛呂山町,33979,318000,260000,244000,0
343,埼玉県,越生町,11729,297000,227000,214000,0
344,埼玉県,滑川町,18873,308000,233000,216000,0
345,埼玉県,嵐山町,18000,318000,253000,224000,0
346,埼玉県,小川町,30319,320000,263000,242000,0
347,埼玉県,川島町,20425,309000,253000,237000,0
348,埼玉県,吉見町,19263,307000,247000,230000,0
349,埼玉県,鳩山町,13892,298000,232000,211000,0
350,埼玉県,ときがわ町,11351,286000,222000,201000,0
351,埼玉県,横瀬町,8381,257000,217000,201000,0
352,埼玉県,皆野町,9826,265000,210000,190000,0
353,埼玉県,長瀞町,7211,247000,193000,177000,0
354,埼玉県,小鹿野町,11843,247000,193000,175000,0
355,埼玉県,東秩父村,2860,239000,183000,171000,0
356,埼玉県,美里町,11241,301000,244000,217000,0
357,埼玉県,神川町,13710,301000,244000,217000,0
358,埼玉県,上里町,31086,311000,253000,222000,0
359,埼玉県,寄居町,33855,310000,254000,232000,0
360,埼玉県,宮代町,34057,295000,244000,221000,0
361,埼玉県,杉戸町,45243,320000,255000,235000,0
362,埼玉県,松伏町,29703,312000,255000,235000,0
363,千葉県,酒々井町,20943,350000,285000,265000,0
364,千葉県,栄町,20839,350000,285000,265000,0
365,千葉県,神崎町,6148,231000,193000,174000,0
366,千葉県,多古町,14801,298000,243000,220000,0
367,千葉県,東庄町,14147,298000,243000,220000,0
368,千葉県,九十九里町,16138,271000,233000,215000,0
369,千葉県,芝山町,7392,279000,233000,219000,0
370,千葉県,横芝光町,23978,271000,217000,202000,0
371,千葉県,一宮町,12474,284000,237000,213000,0
372,千葉県,睦沢町,7103,284000,237000,213000,0
373,千葉県,長生村,14459,285000,237000,214000,0
374,千葉県,白子町,11446,284000,237000,213000,0
375,千葉県,長柄町,7109,285000,237000,214000,0
376,千葉県,長南町,8109,284000,237000,213000,0
377,千葉県,大多喜町,9287,280000,234000,209000,0
378,千葉県,御宿町,7560,270000,226000,215000,0
379,千葉県,鋸南町,7953,270750,218500,199500,0
380,東京都,瑞穂町,33403,420000,360000,340000,0
381,東京都,日の出町,16804,420000,360000,345000,0
382,東京都,檜原村,2224,325000,279000,261000,0
383,東京都,奥多摩町,5229,360000,320000,300000,0
384,東京都,大島町,7773,300000,220000,200000,0
385,東京都,利島村,320,180000,130000,115000,0
386,東京都,新島村,2724,250000,190000,170000,0
387,東京都,神津島村,1901,240000,190000,170000,0
388,東京都,三宅村,2498,250000,200000,180000,0
389,東京都,御蔵島村,321,140000,115000,100000,0
390,東京都,八丈町,7469,300000,220000,200000,0
391,東京都,青ヶ島村,162,180000,155000,140000,0
392,東京都,小笠原村,2625,240000,195000,176000,0
393,神奈川県,葉山町,33264,499000,430000,400000,0
394,神奈川県,寒川町,48468,479000,397000,368000,0
395,神奈川県,大磯町,31516,423000,344000,315000,0
396,神奈川県,二宮町,28618,382000,299000,283000,0
397,神奈川県,中井町,9503,355000,278000,254000,0
398,神奈川県,大井町,17228,364000,281000,257000,0
399,神奈川県,松田町,11280,350000,270000,250000,0
400,神奈川県,山北町,10425,356000,279000,255000,0
401,神奈川県,開成町,17656,370000,290000,260000,0
402,神奈川県,箱根町,11776,408000,328000,306000,0
403,神奈川県,真鶴町,7388,337000,257000,242000,0
404,神奈川県,湯河原町,25315,420000,360000,320000,0
405,神奈川県,愛川町,40639,445000,372000,340000,0
406,神奈川県,清川村,3007,344000,270000,246000,0
407,山梨県,市川三郷町,15985,230000,180000,157000,0
408,山梨県,早川町,1076,218000,174000,156000,0
409,山梨県,身延町,12044,218000,174000,156000,0
410,山梨県,南部町,7881,220000,176000,158000,0
411,山梨県,富士川町,15342,295000,240000,220000,0
412,山梨県,昭和町,20152,280000,214000,189000,0
413,山梨県,道志村,1711,160000,140000,130000,0
414,山梨県,西桂町,4347,200000,160000,145000,0
415,山梨県,忍野村,9699,200000,170000,155000,0
416,山梨県,山中湖村,5841,205000,175000,155000,0
417,山梨県,鳴沢村,3156,180000,158000,150000,0
418,山梨県,富士河口湖町,26388,252000,202000,174000,0
419,山梨県,小菅村,712,171000,142000,121000,0
420,山梨県,丹波山村,589,190000,158000,135000,0
421,新潟県,聖籠町,14292,311000,254000,230000,0
422,新潟県,弥彦村,8203,300000,231000,209000,0
423,新潟県,田上町,11891,268000,212000,197000,0
424,新潟県,阿賀町,11235,268000,212000,195000,0
425,新潟県,出雲崎町,4441,260000,199000,186000,0
426,新潟県,湯沢町,8081,288000,236000,213000,0
427,新潟県,津南町,9764,285000,219000,200000,0
428,新潟県,刈羽村,4653,290000,229000,210000,0
429,新潟県,関川村,5707,255000,188000,168000,0
430,新潟県,粟島浦村,360,203000,130000,109000,0
431,富山県,舟橋村,3060,200000,170000,150000,0
432,富山県,上市町,20831,360000,310000,290000,0
433,富山県,立山町,26194,360000,310000,290000,0
434,富山県,入善町,24987,362000,314000,294000,0
435,富山県,朝日町,12171,354000,306000,288000,0
436,石川県,川北町,6248,325000,260000,250000,0
437,石川県,津幡町,37561,410000,347000,328000,0
438,石川県,内灘町,26713,420000,368000,350000,0
439,石川県,志賀町,20610,284000,244000,230000,0
440,石川県,宝達志水町,13270,337000,285000,275000,0
441,石川県,中能登町,18169,320000,276000,255000,0
442,石川県,穴水町,8420,275000,245000,225000,0
443,石川県,能登町,17607,310000,280000,260000,0
444,福井県,永平寺町,18685,290000,230000,220000,0
445,福井県,池田町,2619,310000,270000,255000,0
446,福井県,南越前町,10745,310000,242000,226000,0
447,福井県,越前町,21781,320000,250000,240000,0
448,福井県,美浜町,9639,300000,245000,235000,0
449,福井県,高浜町,10490,300000,245000,235000,0
450,福井県,おおい町,8294,300000,245000,235000,0
451,福井県,若狭町,15055,300000,245000,235000,0
452,長野県,小海町,4745,263000,185000,169000,0
453,長野県,川上村,4875,254000,176000,161000,0
454,長野県,南牧村,3497,249000,174000,157000,0
455,長野県,南相木村,1032,240000,157000,140000,0
456,長野県,北相木村,792,243000,159000,140000,0
457,長野県,佐久穂町,11257,275000,210000,185000,0
458,長野県,軽井沢町,20232,365000,296000,261000,0
459,長野県,御代田町,15582,290000,220000,195000,0
460,長野県,立科町,7335,289000,211000,196000,0
461,長野県,青木村,4396,271000,182000,164000,0
462,長野県,長和町,6181,261000,196000,175000,0
463,長野県,下諏訪町,20416,328000,266000,237000,0
464,長野県,富士見町,14707,288000,224000,201000,0
465,長野県,原村,7948,259000,201000,183000,0
466,長野県,辰野町,19727,309000,248000,227000,0
467,長野県,箕輪町,25001,317000,253000,227000,0
468,長野県,飯島町,9535,288200,220500,198000,0
469,長野県,南箕輪村,15444,295000,223000,201000,0
470,長野県,中川村,4931,256000,195000,175000,0
471,長野県,宮田村,9052,277000,214000,192000,0
472,長野県,松川町,13316,269800,209000,190000,0
473,長野県,高森町,13176,257500,195000,176500,0
474,長野県,阿南町,4665,228000,164000,143000,0
475,長野県,阿智村,6497,273000,202800,171600,0
476,長野県,平谷村,420,211000,142000,125000,0
477,長野県,根羽村,932,219600,153000,136800,0
478,長野県,下條村,3770,234600,168100,134900,0
479,長野県,売木村,555,207000,144000,121000,0
480,長野県,天龍村,1311,231000,159000,140000,0
481,長野県,泰阜村,1647,229000,159000,137000,0
482,長野県,喬木村,6446,247000,177000,143000,0
483,長野県,豊丘村,6751,255000,190000,153000,0
484,長野県,大鹿村,1024,233000,161000,135000,0
485,長野県,上松町,4590,240500,164900,145500,0
486,長野県,南木曽町,4192,242000,170000,150000,0
487,長野県,木祖村,2929,243000,166000,150000,0
488,長野県,王滝村,777,231200,158600,135300,0
489,長野県,大桑村,3782,242000,169000,149000,0
490,長野県,木曽町,11256,257000,176000,155000,0
491,長野県,麻績村,2772,275000,206000,186000,0
492,長野県,生坂村,1771,267000,200000,180000,0
493,長野県,山形村,8750,276500,207200,186800,0
494,長野県,朝日村,4612,269000,201000,181000,0
495,長野県,筑北村,4643,259000,184000,164000,0
496,長野県,池田町,9923,284100,209400,189400,0
497,長野県,松川村,9785,275000,210000,190000,0
498,長野県,白馬村,8752,304000,240000,216000,0
499,長野県,小谷村,2933,242000,188000,170000,0
500,長野県,坂城町,15150,340000,243000,224000,0
501,長野県,小布施町,11036,264000,193000,172000,0
502,長野県,高山村,7149,266000,191000,169000,0
503,長野県,山ノ内町,12571,282000,213000,192000,0
504,長野県,木島平村,4781,257000,180000,155000,0
505,長野県,野沢温泉村,3590,257000,180000,155000,0
506,長野県,信濃町,8497,278000,202000,180000,0
507,長野県,小川村,2580,253000,176000,158000,0
508,長野県,飯綱町,11215,269000,196000,174000,0
509,長野県,栄村,1889,221000,146000,129000,0
510,岐阜県,岐南町,25551,330000,270000,250000,0
511,岐阜県,笠松町,22339,300000,260000,240000,0
512,岐阜県,養老町,29253,320000,285000,265000,0
513,岐阜県,垂井町,27553,290000,250000,235000,0
514,岐阜県,関ヶ原町,7137,205000,168000,160000,0
515,岐阜県,神戸町,19419,297000,280000,266000,0
516,岐阜県,輪之内町,9741,260000,215000,205000,0
517,岐阜県,安八町,15072,305000,264000,243000,0
518,岐阜県,揖斐川町,21458,300000,260000,250000,0
519,岐阜県,大野町,23190,310000,272000,256000,0
520,岐阜県,池田町,24048,310000,285000,265000,0
521,岐阜県,北方町,18457,290000,250000,240000,0
522,岐阜県,坂祝町,8191,280000,210000,190000,0
523,岐阜県,富加町,5732,270000,205000,185000,0
524,岐阜県,川辺町,10310,266200,206900,190900,0
525,岐阜県,七宗町,3855,255000,215000,195000,0
526,岐阜県,八百津町,11083,300000,230000,220000,0
527,岐阜県,白川町,8374,280000,225000,215000,0
528,岐阜県,東白川村,2301,265000,195000,180000,0
529,岐阜県,御嵩町,18417,300000,245000,220000,0
530,岐阜県,白川村,1633,260000,200000,180000,0
531,静岡県,東伊豆町,12376,240000,184000,168000,0
532,静岡県,河津町,7338,245000,187000,168000,0
533,静岡県,南伊豆町,8397,245000,187000,168000,0
534,静岡県,松崎町,6740,273000,208000,187000,0
535,静岡県,西伊豆町,8018,273000,208000,187000,0
536,静岡県,函南町,37841,320000,270000,250000,0
537,静岡県,清水町,32622,310000,265000,245000,0
538,静岡県,長泉町,43462,330000,280000,260000,0
539,静岡県,小山町,18845,320000,280000,260000,0
540,静岡県,吉田町,29661,320000,260000,240000,0
541,静岡県,川根本町,6974,285000,210000,190000,0
542,静岡県,森町,18462,290000,227000,203000,0
543,愛知県,東郷町,43569,390000,313000,283000,0
544,愛知県,豊山町,15733,377000,302000,282000,0
545,愛知県,大口町,24042,389000,321000,292000,0
546,愛知県,扶桑町,34681,387000,306000,281000,0
547,愛知県,大治町,32619,364500,283500,265500,0
548,愛知県,蟹江町,37708,410000,325000,300000,0
549,愛知県,飛島村,4710,395000,310000,290000,0
550,愛知県,阿久比町,28704,346000,266000,237000,0
551,愛知県,東浦町,50166,380000,300000,270000,0
552,愛知県,南知多町,18105,345000,262000,237000,0
553,愛知県,美浜町,22186,360000,276000,245000,0
554,愛知県,武豊町,43375,385000,305000,275000,0
555,愛知県,幸田町,41553,420000,330000,300000,0
556,愛知県,設楽町,4887,285000,215000,195000,0
557,愛知県,東栄町,3242,280000,200000,180000,0
558,愛知県,豊根村,1139,245000,175000,145000,0
559,三重県,木曽岬町,6321,285000,225000,210000,0
560,三重県,東員町,25617,327000,265000,250000,0
561,三重県,菰野町,41852,400000,320000,300000,0
562,三重県,朝日町,10791,305000,236000,212000,0
563,三重県,川越町,15033,327000,260000,230000,0
564,三重県,多気町,14727,270000,200000,190000,0
565,三重県,明和町,23171,300000,230000,220000,0
566,三重県,大台町,9461,280000,210000,200000,0
567,三重県,玉城町,15594,287000,221000,200000,0
568,三重県,度会町,8314,276000,212000,193000,0
569,三重県,大紀町,8716,285000,220000,200000,0
570,三重県,南伊勢町,12928,285000,220000,200000,0
571,三重県,紀北町,16241,294000,220000,203000,0
572,三重県,御浜町,8706,275000,215000,200000,0
573,三重県,紀宝町,11073,255000,205000,195000,0
574,滋賀県,日野町,21564,320000,250000,230000,0
575,滋賀県,竜王町,12074,301000,226000,201000,0
576,滋賀県,愛荘町,21392,330000,260000,240000,0
577,滋賀県,豊郷町,7362,246500,178000,162000,0
578,滋賀県,甲良町,7047,280000,200000,177000,0
579,滋賀県,多賀町,7565,292000,214000,185000,0
580,京都府,大山崎町,15886,380000,315000,290000,0
581,京都府,久御山町,16089,375000,310000,280000,0
582,京都府,井手町,7514,290000,220000,200000,0
583,京都府,宇治田原町,9372,365000,275000,240000,0
584,京都府,笠置町,1356,270000,190000,170000,0
585,京都府,和束町,4002,270000,200000,160000,0
586,京都府,精華町,37380,359000,285000,263500,0
587,京都府,南山城村,2779,275000,200000,170000,0
588,京都府,京丹波町,14335,300000,230000,210000,0
589,京都府,伊根町,2130,228000,173000,148000,0
590,京都府,与謝野町,21945,310000,280000,250000,0
591,兵庫県,猪名川町,31340,404000,327000,300000,0
592,兵庫県,多可町,21078,330000,240000,215000,0
593,兵庫県,稲美町,31147,415000,320000,295000,0
594,兵庫県,播磨町,34543,405000,310000,285000,0
595,兵庫県,市川町,12276,335000,245000,225000,0
596,兵庫県,福崎町,19381,370000,280000,255000,0
597,兵庫県,神河町,11515,335000,245000,225000,0
598,兵庫県,太子町,34260,390000,300000,271000,0
599,兵庫県,上郡町,15114,395000,302000,271000,0
600,兵庫県,佐用町,17111,370000,290000,270000,0
601,兵庫県,香美町,17969,321000,237000,214000,0
602,兵庫県,新温泉町,14713,320000,230000,208000,0
603,大阪府,島本町,30563,395000,350000,330000,0
604,大阪府,豊能町,19771,380000,330000,300000,0
605,大阪府,能勢町,10225,360000,300000,280000,0
606,大阪府,忠岡町,17168,330000,300000,290000,0
607,大阪府,熊取町,43887,350000,320000,300000,0
608,大阪府,田尻町,9018,314000,276000,266000,0
609,大阪府,岬町,15981,340000,310000,300000,0
610,大阪府,太子町,13464,360000,340000,320000,0
611,大阪府,河南町,15679,370000,342000,323000,0
612,大阪府,千早赤阪村,5301,350000,320000,300000,0
613,奈良県,山添村,3673,248000,198000,176000,0
614,奈良県,平群町,18955,288000,248000,232000,0
615,奈良県,三郷町,23077,363000,301000,282000,0
616,奈良県,斑鳩町,28339,360000,302000,284000,0
617,奈良県,安堵町,7467,330000,280000,270000,0
618,奈良県,川西町,8619,330000,280000,260000,0
619,奈良県,三宅町,6985,301500,252000,234000,0
620,奈良県,田原本町,32002,380000,335000,320000,0
621,奈良県,曽爾村,1483,210000,166000,158000,0
622,奈良県,御杖村,1668,192000,152000,147000,0
623,奈良県,高取町,6840,330000,280000,255000,0
624,奈良県,明日香村,5572,301000,257000,237000,0
625,奈良県,上牧町,22727,370000,300000,280000,0
626,奈良県,王寺町,24095,350000,300000,270000,0
627,奈良県,広陵町,34941,377000,319000,290000,0
628,奈良県,河合町,17822,380000,320000,290000,0
629,奈良県,吉野町,7240,330000,280000,255000,0
630,奈良県,大淀町,17818,330000,280000,250000,0
631,奈良県,下市町,5526,328000,274000,254000,0
632,奈良県,黒滝村,725,240000,180000,170000,0
633,奈良県,天川村,1428,245000,195000,185000,0
634,奈良県,野迫川村,401,210000,190000,170000,0
635,奈良県,十津川村,3340,280000,235000,215000,0
636,奈良県,下北山村,926,210000,170000,160000,0
637,奈良県,上北山村,512,200000,170000,160000,0
638,奈良県,川上村,1446,285000,230000,215000,0
639,奈良県,東吉野村,1821,264000,224000,207000,0
640,和歌山県,紀美野町,9011,295000,240000,220000,0
641,和歌山県,かつらぎ町,17082,300000,250000,230000,0
642,和歌山県,九度山町,4371,270000,220000,200000,0
643,和歌山県,高野町,3111,250000,200000,180000,0
644,和歌山県,湯浅町,12183,280000,235000,220000,0
645,和歌山県,広川町,7141,250000,210000,195000,0
646,和歌山県,有田川町,26732,300000,250000,230000,0
647,和歌山県,美浜町,7369,300000,250000,230000,0
648,和歌山県,日高町,7914,280000,230000,210000,0
649,和歌山県,由良町,5858,300000,250000,230000,0
650,和歌山県,印南町,8360,300000,240000,230000,0
651,和歌山県,みなべ町,12877,280000,220000,200000,0
652,和歌山県,日高川町,9979,280000,220000,200000,0
653,和歌山県,白浜町,21720,300000,250000,230000,0
654,和歌山県,上富田町,15550,300000,260000,240000,0
655,和歌山県,すさみ町,4103,280000,220000,200000,0
656,和歌山県,那智勝浦町,15334,280000,230000,210000,0
657,和歌山県,太地町,3147,285000,228000,205000,0
658,和歌山県,古座川町,2773,255000,195000,175000,0
659,和歌山県,北山村,448,245000,190000,178000,0
660,和歌山県,串本町,16387,270000,215000,200000,0
661,鳥取県,岩美町,11726,333000,248000,227000,0
662,鳥取県,若桜町,3288,286000,213000,198000,0
663,鳥取県,智頭町,7109,330000,246000,229000,0
664,鳥取県,八頭町,17305,313000,233000,217000,0
665,鳥取県,三朝町,6530,331000,240000,224000,0
666,鳥取県,湯梨浜町,16939,331000,240000,224000,0
667,鳥取県,琴浦町,17595,331000,240000,224000,0
668,鳥取県,北栄町,15156,331000,240000,224000,0
669,鳥取県,日吉津村,3555,316000,235000,221000,0
670,鳥取県,大山町,16436,316000,235000,221000,0
671,鳥取県,南部町,10929,316000,235000,221000,0
672,鳥取県,伯耆町,10990,316000,235000,221000,0
673,鳥取県,日南町,4667,316000,235000,221000,0
674,鳥取県,日野町,3182,316000,235000,221000,0
675,鳥取県,江府町,2958,316000,235000,221000,0
676,島根県,奥出雲町,12805,283000,232000,195000,0
677,島根県,飯南町,4932,298000,246000,205000,0
678,島根県,川本町,3351,273600,226800,189000,0
679,島根県,美郷町,4732,293300,244400,204700,0
680,島根県,邑南町,10872,304000,252000,210000,0
681,島根県,津和野町,7514,280000,236000,197000,0
682,島根県,吉賀町,6314,288500,240000,203500,0
683,島根県,海士町,2291,247000,206000,171000,0
684,島根県,西ノ島町,2882,249000,207000,173000,0
685,島根県,知夫村,637,241000,199000,167000,0
686,島根県,隠岐の島町,14383,297000,246000,205000,0
687,岡山県,和気町,14391,312000,257000,234000,0
688,岡山県,早島町,12496,313000,257000,236000,0
689,岡山県,里庄町,11168,340000,280000,255000,0
690,岡山県,矢掛町,14357,332000,270000,250000,0
691,岡山県,新庄村,945,260000,210000,190000,0
692,岡山県,鏡野町,13075,318000,264000,244000,0
693,岡山県,勝央町,11108,300000,240000,220000,0
694,岡山県,奈義町,5885,266000,221000,205000,0
695,岡山県,西粟倉村,1465,263000,220000,200000,0
696,岡山県,久米南町,4913,280000,240000,220000,0
697,岡山県,美咲町,14381,315000,262000,240000,0
698,岡山県,吉備中央町,11632,315000,262000,240000,0
699,広島県,府中町,52194,380000,300000,290000,0
700,広島県,海田町,29999,321000,265000,254000,0
701,広島県,熊野町,24253,328000,271000,260000,0
702,広島県,坂町,13347,311000,257000,246000,0
703,広島県,安芸太田町,6341,269000,219000,200000,0
704,広島県,北広島町,18870,293000,246000,221000,0
705,広島県,大崎上島町,7628,289000,235000,210000,0
706,広島県,世羅町,16425,280000,231000,210000,0
707,広島県,神石高原町,9236,315000,265000,245000,0
708,山口県,周防大島町,16533,282000,226000,206000,0
709,山口県,和木町,6465,290000,239000,216000,0
710,山口県,上関町,2809,254000,204000,185000,0
711,山口県,田布施町,15421,278000,224000,205000,0
712,山口県,平生町,12005,270000,217000,199000,0
713,山口県,阿武町,3342,258000,210000,190000,0
714,徳島県,勝浦町,5310,273000,234000,195000,0
715,徳島県,上勝町,1598,257000,218000,182000,0
716,徳島県,佐那河内村,2378,260000,222000,186000,0
717,徳島県,石井町,25933,298000,249500,203000,0
718,徳島県,神山町,5389,284000,234000,195000,0
719,徳島県,那賀町,8512,255900,218100,182000,0
720,徳島県,牟岐町,4167,269000,231000,192000,0
721,徳島県,美波町,6842,269000,231000,192000,0
722,徳島県,海陽町,9489,269000,231000,192000,0
723,徳島県,松茂町,15143,310200,258500,206800,0
724,徳島県,北島町,23185,330900,275800,220600,0
725,徳島県,藍住町,35110,333000,277500,222000,0
726,徳島県,板野町,13571,308700,257300,205800,0
727,徳島県,上板町,12138,299000,249200,199300,0
728,徳島県,つるぎ町,9109,274000,233000,195000,0
729,徳島県,東みよし町,14480,315000,270000,225000,0
730,香川県,土庄町,14066,316000,269000,245000,0
731,香川県,小豆島町,14187,345000,280000,270000,0
732,香川県,三木町,28317,373000,310000,284000,0
733,香川県,直島町,3120,248000,206000,191000,0
734,香川県,宇多津町,18446,365000,336000,320000,0
735,香川県,綾川町,24331,371000,322000,302000,0
736,香川県,琴平町,9194,329000,286000,270000,0
737,香川県,多度津町,23492,369000,317000,303000,0
738,香川県,まんのう町,18813,328000,299000,284000,0
739,愛媛県,上島町,7037,234000,189000,171000,0
740,愛媛県,久万高原町,8537,265000,199000,185000,0
741,愛媛県,松前町,30907,380000,310000,290000,0
742,愛媛県,砥部町,21266,319000,260000,239000,0
743,愛媛県,内子町,16738,263900,213400,200800,0
744,愛媛県,伊方町,9503,272000,225000,208000,0
745,愛媛県,松野町,4009,213000,178000,163000,0
746,愛媛県,鬼北町,10480,240000,188000,173000,0
747,愛媛県,愛南町,21667,286000,227000,181000,0
748,高知県,東洋町,2497,233000,191000,163000,0
749,高知県,奈半利町,3233,233000,190000,164000,0
750,高知県,田野町,2651,238000,192000,165000,0
751,高知県,安田町,2720,236000,195000,170000,0
752,高知県,北川村,1319,236000,191000,163000,0
753,高知県,馬路村,895,236000,190000,162000,0
754,高知県,芸西村,3784,236000,192000,164000,0
755,高知県,本山町,3527,261000,214000,190000,0
756,高知県,大豊町,3757,268000,214000,192000,0
757,高知県,土佐町,3930,263000,213000,190000,0
758,高知県,大川村,402,232000,175000,155000,0
759,高知県,いの町,23169,305000,237000,214000,0
760,高知県,仁淀川町,5448,235000,188000,165000,0
761,高知県,中土佐町,6945,254000,201000,182000,0
762,高知県,佐川町,12996,269000,213000,189000,0
763,高知県,越知町,5693,224000,184000,165000,0
764,高知県,檮原町,3576,270000,240000,220000,0
765,高知県,日高村,5054,249000,199000,180000,0
766,高知県,津野町,5838,250000,200000,175000,0
767,高知県,四万十町,17359,283000,228000,205000,0
768,高知県,大月町,5518,244000,196000,175000,0
769,高知県,三原村,1579,237000,189000,170000,0
770,高知県,黒潮町,11299,254000,202000,180000,0
771,福岡県,那珂川町,50191,366000,318000,300000,0
772,福岡県,宇美町,37345,353000,296000,275000,0
773,福岡県,篠栗町,31540,346000,286000,266000,0
774,福岡県,志免町,45990,353000,296000,275000,0
775,福岡県,須恵町,28391,346000,283000,264000,0
776,福岡県,新宮町,32777,346000,283000,264000,0
777,福岡県,久山町,8865,320000,271000,250000,0
778,福岡県,粕屋町,47396,349000,293000,272000,0
779,福岡県,芦屋町,14168,345000,318000,298000,0
780,福岡県,水巻町,28699,336000,298000,279000,0
781,福岡県,岡垣町,31842,350000,310000,289000,0
782,福岡県,遠賀町,19305,346000,291000,272000,0
783,福岡県,小竹町,7750,260360,228950,213750,0
784,福岡県,鞍手町,16139,308000,258000,243000,0
785,福岡県,桂川町,13605,303000,263000,245000,0
786,福岡県,筑前町,29660,330000,278000,261000,0
787,福岡県,東峰村,2146,270000,225000,210000,0
788,福岡県,大刀洗町,15611,341000,271000,241000,0
789,福岡県,大木町,14292,307000,250000,233000,0
790,福岡県,広川町,19721,324000,258000,250000,0
791,福岡県,香春町,11077,280000,240000,226000,0
792,福岡県,添田町,10025,304000,269000,248000,0
793,福岡県,糸田町,9185,298000,260000,241000,0
794,福岡県,川崎町,16926,298500,264300,245000,0
795,福岡県,大任町,5252,311200,267800,246600,0
796,福岡県,赤村,3206,305000,260000,245000,0
797,福岡県,福智町,23037,330000,285000,263000,0
798,福岡県,苅田町,37535,415000,375000,344000,0
799,福岡県,みやこ町,19977,328000,273000,246000,0
800,福岡県,吉富町,6856,282000,235000,224000,0
801,福岡県,上毛町,7673,273000,227000,217000,0
802,福岡県,築上町,18472,321000,276000,261000,0
803,佐賀県,吉野ヶ里町,16061,310000,250000,233000,0
804,佐賀県,基山町,17318,344000,280000,256000,0
805,佐賀県,上峰町,9577,329000,266000,246000,0
806,佐賀県,みやき町,25561,326000,271000,253000,0
807,佐賀県,玄海町,5698,400000,314000,290000,0
808,佐賀県,有田町,20146,324000,269000,252000,0
809,佐賀県,大町町,6596,310800,258400,242300,0
810,佐賀県,江北町,9651,326000,271000,254000,0
811,佐賀県,白石町,23465,328000,274000,255000,0
812,佐賀県,太良町,8904,311000,258000,243000,0
813,長崎県,長与町,41963,343000,285000,258000,0
814,長崎県,時津町,30122,334000,276000,251000,0
815,長崎県,東彼杵町,8018,260000,216000,202000,0
816,長崎県,川棚町,14062,305000,251000,228000,0
817,長崎県,波佐見町,14845,281000,232000,215000,0
818,長崎県,小値賀町,2473,255000,198000,180000,0
819,長崎県,佐々町,13905,310000,249000,226000,0
820,長崎県,新上五島町,19441,280000,245000,230000,0
821,熊本県,美里町,10199,307200,254300,238400,0
822,熊本県,玉東町,5297,315000,260000,236000,0
823,熊本県,南関町,9861,333000,275000,250000,0
824,熊本県,長洲町,16053,334000,276000,251000,0
825,熊本県,和水町,10181,326000,269000,245000,0
826,熊本県,大津町,34543,332000,273900,249000,0
827,熊本県,菊陽町,41574,332000,273900,249000,0
828,熊本県,南小国町,4088,264000,217000,198000,0
829,熊本県,小国町,7186,309000,254000,234000,0
830,熊本県,産山村,1523,260000,213000,194000,0
831,熊本県,高森町,6502,296700,244800,222500,0
832,熊本県,西原村,6710,303000,250000,228000,0
833,熊本県,南阿蘇村,10685,310000,256000,233000,0
834,熊本県,御船町,17100,317400,262000,237700,0
835,熊本県,嘉島町,9331,296800,244900,222600,0
836,熊本県,益城町,32947,332100,274000,249100,0
837,熊本県,甲佐町,10702,315700,260500,237300,0
838,熊本県,山都町,15163,316300,260600,237600,0
839,熊本県,氷川町,12000,308000,254000,231000,0
840,熊本県,芦北町,17549,325000,268000,244000,0
841,熊本県,津奈木町,4640,310000,255000,233000,0
842,熊本県,錦町,10733,302600,250100,227300,0
843,熊本県,多良木町,9635,310000,255000,232000,0
844,熊本県,湯前町,3982,298000,246000,225000,0
845,熊本県,水上村,2230,295100,243300,221400,0
846,熊本県,相良村,4484,281000,232000,211000,0
847,熊本県,五木村,1115,284000,234000,213000,0
848,熊本県,山江村,3538,289000,238000,216000,0
849,熊本県,球磨村,3757,298000,245000,223000,0
850,熊本県,あさぎり町,15602,316000,261000,237000,0
851,熊本県,苓北町,7322,303000,250000,228000,0
852,大分県,姫島村,2050,227700,197100,186300,0
853,大分県,日出町,28475,388000,331000,322000,0
854,大分県,九重町,9564,301000,260000,250000,0
855,大分県,玖珠町,15442,315000,273000,262000,0
856,宮崎県,三股町,25337,325000,260000,236000,0
857,宮崎県,高原町,9453,295000,218000,202000,0
858,宮崎県,国富町,19524,321000,257000,232000,0
859,宮崎県,綾町,7423,278000,209000,201000,0
860,宮崎県,高鍋町,20445,303000,227000,210000,0
861,宮崎県,新富町,17487,303000,227000,211000,0
862,宮崎県,西米良村,1162,290000,215000,200000,0
863,宮崎県,木城町,5207,303000,225000,211000,0
864,宮崎県,川南町,15782,300000,222000,208000,0
865,宮崎県,都農町,10680,296000,219000,205000,0
866,宮崎県,門川町,18138,298000,228000,208000,0
867,宮崎県,諸塚村,1735,272000,203000,188000,0
868,宮崎県,椎葉村,2831,293000,220000,203000,0
869,宮崎県,美郷町,5544,289000,217000,202000,0
870,宮崎県,高千穂町,12416,321000,257000,232000,0
871,宮崎県,日之影町,4061,279000,212000,194000,0
872,宮崎県,五ヶ瀬町,3932,273000,208000,188000,0
873,鹿児島県,三島村,373,304000,251000,228000,0
874,鹿児島県,十島村,692,307000,253000,230000,0
875,鹿児島県,さつま町,21132,316000,260000,236400,0
876,鹿児島県,長島町,10525,303000,250000,227000,0
877,鹿児島県,湧水町,9488,305000,252000,229000,0
878,鹿児島県,大崎町,13227,308800,254800,231600,0
879,鹿児島県,東串良町,6652,306000,248000,227000,0
880,鹿児島県,錦江町,7649,306000,248000,227000,0
881,鹿児島県,南大隅町,7368,306000,248000,227000,0
882,鹿児島県,肝付町,15595,314000,255000,232000,0
883,鹿児島県,中種子町,8040,304000,251000,228000,0
884,鹿児島県,南種子町,5742,304000,251000,228000,0
885,鹿児島県,屋久島町,12650,304000,251000,228000,0
886,鹿児島県,大和村,1499,300900,247900,225400,0
887,鹿児島県,宇検村,1774,304000,251000,228000,0
888,鹿児島県,瀬戸内町,8881,312000,268000,246000,0
889,鹿児島県,龍郷町,6038,305000,252000,229000,0
890,鹿児島県,喜界町,7138,304000,251000,228000,0
891,鹿児島県,徳之島町,10864,284000,234000,217000,0
892,鹿児島県,天城町,6076,284000,234000,217000,0
893,鹿児島県,伊仙町,6752,284000,252000,232000,0
894,鹿児島県,和泊町,6661,274500,226800,206100,0
895,鹿児島県,知名町,6046,305000,252000,229000,0
896,鹿児島県,与論町,5252,297000,245000,223000,0
897,沖縄県,国頭村,4799,263000,218000,203000,0
898,沖縄県,大宜味村,3102,263000,218000,203000,0
899,沖縄県,東村,1810,260000,216000,201000,0
900,沖縄県,今帰仁村,9422,265000,220000,204000,0
901,沖縄県,本部町,13273,320000,273000,250000,0
902,沖縄県,恩納村,11023,271000,226000,210000,0
903,沖縄県,宜野座村,6080,272000,226000,210000,0
904,沖縄県,金武町,11558,312700,278000,255200,0
905,沖縄県,伊江村,4564,263250,218400,202800,0
906,沖縄県,読谷村,41449,344000,264000,243000,0
907,沖縄県,嘉手納町,13964,318000,265000,246000,0
908,沖縄県,北谷町,29226,321000,266000,246000,0
909,沖縄県,北中城村,17240,300000,255000,235000,0
910,沖縄県,中城村,21037,287400,244600,226000,0
911,沖縄県,西原町,35274,318000,266000,243000,0
912,沖縄県,与那原町,19682,303000,257000,242000,0
913,沖縄県,南風原町,38776,300000,250000,233000,0
914,沖縄県,渡嘉敷村,720,207000,171000,162000,0
915,沖縄県,座間味村,922,207000,171000,162000,0
916,沖縄県,粟国村,712,238000,197000,185000,0
917,沖縄県,渡名喜村,378,207000,171000,162000,0
918,沖縄県,南大東村,1253,204000,169000,157000,0
919,沖縄県,北大東村,573,239000,198000,185000,0
920,沖縄県,伊平屋村,1267,226100,187900,174300,0
921,沖縄県,伊是名村,1460,266000,220000,205000,0
922,沖縄県,久米島町,7896,264000,219000,203000,0
923,沖縄県,八重瀬町,31050,310000,254000,234000,0
924,沖縄県,多良間村,1173,241000,201000,188000,0
925,沖縄県,竹富町,4346,274000,229000,214000,0
926,沖縄県,与那国町,1710,257000,213000,198000,0
